[Default_6.0]
param19=25
param22=100
param33=0
param34=0
param36=0
param38=0
param39=0
param40=0
param41=0
param42=0
param49=3
param52=1
param53=1
param48=0
param18=4
param5=0
param6=8
param8=0
param10=0
param7=0
param11=0
param9=1
param12=8
param16=8
param15=8
param14=4
param13=4
param23=1
param17=1
param20=5
param3=1
[Default65Theme]
param19=142
param22=100
param48=0
param49=2
param18=5
param20=5
param17=1
param4=3
param79=1
param2=5
param7=-16
param8=0
[jlp_Default_6.0]
param19=25
param22=100
param7=0
param17=1
param12=9
param13=8
param16=8
param15=8
param14=0
param6=1
param8=0
param3=1
param18=5
param4=2
param10=1
[ReaperEvolutionMods_2]
__coloradjust=1.00000000 0 0 0 256 192
[__def_unsaved]
__coloradjust=1.00000000 0 0 0 256 192
param19=25
param6=0
param13=0
param14=0
param15=4
param18=5
param9=0
param12=0
[ReaperEvolutionMods]
__coloradjust=1.00000000 0 0 0 256 192
param19=25
param18=5
param13=0
param14=0
param15=8
param16=8
param6=0
param10=0
param11=0
param22=100
param9=0
param12=0
param29=3
param78=2
[ReaperEvolutionMods_InDev]
__coloradjust=1.00000000 0 0 0 256 192
param19=25
param27=0
param28=0
param29=2
param76=4
param78=1
param79=3
[ReaVolution]
param19=25
param22=100
param6=0
param9=0
param12=0
param13=0
param14=0
param15=0
param16=0
[ReaVolutionTheme]
param19=99
param6=0
param13=0
param14=0
param15=4
param12=0
param9=0
param18=5
__coloradjust=1.00000000 0 0 0 256 192
param52=1
param53=1
param50=0
param49=15
defaultV6=0
param33=8
param34=8
param36=8
param38=8
param40=8
param41=8
param42=8
param43=8
param47=1
param32=5
param37=8
param22=100
